=================================================
++++++++++++++++++++++++++++++++++++++++++++++++++++++++++++++
i0 j0 val:1
   1   0   0   0   0
   1   1   0   1   1
   1   0   1   0   1
   0   0   1   0   1
Higesht: 1
Row next:
++++++++++++++++++++++++++++++++++++++++++++++++++++++++++++++
i1 j0 val:1
   0   0   0   0   0
   1   1   0   1   1
   1   0   1   0   1
   0   0   1   0   1
Higesht: 2
Row next:
++++++++++++++++++++++++++++++++++++++++++++++++++++++++++++++
i2 j0 val:1
   0   0   0   0   0
   0   1   0   1   1
   1   0   1   0   1
   0   0   1   0   1
Higesht: 3
Diagonal back  behind:
++++++++++++++++++++++++++++++++++++++++++++++++++++++++++++++
i1 j1 val:1
   0   0   0   0   0
   0   1   0   1   1
   0   0   1   0   1
   0   0   1   0   1
Higesht: 4
Diagonal next:
++++++++++++++++++++++++++++++++++++++++++++++++++++++++++++++
i2 j2 val:1
   0   0   0   0   0
   0   0   0   1   1
   0   0   1   0   1
   0   0   1   0   1
Higesht: 5
Row next:
++++++++++++++++++++++++++++++++++++++++++++++++++++++++++++++
i3 j2 val:1
   0   0   0   0   0
   0   0   0   1   1
   0   0   0   0   1
   0   0   1   0   1
Higesht: 6
Diagonal back  behind:
++++++++++++++++++++++++++++++++++++++++++++++++++++++++++++++
i1 j3 val:1
   0   0   0   0   0
   0   0   0   1   1
   0   0   0   0   1
   0   0   1   0   1
Higesht: 6
Col next:
++++++++++++++++++++++++++++++++++++++++++++++++++++++++++++++
i1 j4 val:1
   0   0   0   0   0
   0   0   0   0   1
   0   0   0   0   1
   0   0   1   0   1
Higesht: 7
Row next:
++++++++++++++++++++++++++++++++++++++++++++++++++++++++++++++
i2 j4 val:1
   0   0   0   0   0
   0   0   0   0   0
   0   0   0   0   1
   0   0   1   0   1
Higesht: 8
Row next:
++++++++++++++++++++++++++++++++++++++++++++++++++++++++++++++
i3 j4 val:1
   0   0   0   0   0
   0   0   0   0   0
   0   0   0   0   0
   0   0   1   0   1
Higesht: 9
Diagonal next:
++++++++++++++++++++++++++++++++++++++++++++++++++++++++++++++
i2 j4 val:1
   0   0   0   0   0
   0   0   0   0   1
   0   0   0   0   1
   0   0   1   0   1
Higesht: 7
Row next:
++++++++++++++++++++++++++++++++++++++++++++++++++++++++++++++
i3 j4 val:1
   0   0   0   0   0
   0   0   0   0   1
   0   0   0   0   0
   0   0   1   0   1
Higesht: 8
Row before:
++++++++++++++++++++++++++++++++++++++++++++++++++++++++++++++
i1 j4 val:1
   0   0   0   0   0
   0   0   0   0   1
   0   0   0   0   0
   0   0   1   0   1
Higesht: 8
Col next:
++++++++++++++++++++++++++++++++++++++++++++++++++++++++++++++
i1 j1 val:1
   0   0   0   0   0
   0   1   0   1   1
   1   0   1   0   1
   0   0   1   0   1
Higesht: 3
Diagonal next:
++++++++++++++++++++++++++++++++++++++++++++++++++++++++++++++
i2 j2 val:1
   0   0   0   0   0
   0   0   0   1   1
   1   0   1   0   1
   0   0   1   0   1
Higesht: 4
Row next:
++++++++++++++++++++++++++++++++++++++++++++++++++++++++++++++
i3 j2 val:1
   0   0   0   0   0
   0   0   0   1   1
   1   0   0   0   1
   0   0   1   0   1
Higesht: 5
Diagonal back  behind:
++++++++++++++++++++++++++++++++++++++++++++++++++++++++++++++
i1 j3 val:1
   0   0   0   0   0
   0   0   0   1   1
   1   0   0   0   1
   0   0   1   0   1
Higesht: 5
Col next:
++++++++++++++++++++++++++++++++++++++++++++++++++++++++++++++
i1 j4 val:1
   0   0   0   0   0
   0   0   0   0   1
   1   0   0   0   1
   0   0   1   0   1
Higesht: 6
Row next:
++++++++++++++++++++++++++++++++++++++++++++++++++++++++++++++
i2 j4 val:1
   0   0   0   0   0
   0   0   0   0   0
   1   0   0   0   1
   0   0   1   0   1
Higesht: 7
Row next:
++++++++++++++++++++++++++++++++++++++++++++++++++++++++++++++
i3 j4 val:1
   0   0   0   0   0
   0   0   0   0   0
   1   0   0   0   0
   0   0   1   0   1
Higesht: 8
Diagonal next:
++++++++++++++++++++++++++++++++++++++++++++++++++++++++++++++
i2 j4 val:1
   0   0   0   0   0
   0   0   0   0   1
   1   0   0   0   1
   0   0   1   0   1
Higesht: 6
Row next:
++++++++++++++++++++++++++++++++++++++++++++++++++++++++++++++
i3 j4 val:1
   0   0   0   0   0
   0   0   0   0   1
   1   0   0   0   0
   0   0   1   0   1
Higesht: 7
Row before:
++++++++++++++++++++++++++++++++++++++++++++++++++++++++++++++
i1 j4 val:1
   0   0   0   0   0
   0   0   0   0   1
   1   0   0   0   0
   0   0   1   0   1
Higesht: 7
Diagonal back :
++++++++++++++++++++++++++++++++++++++++++++++++++++++++++++++
i2 j0 val:1
   0   0   0   0   0
   0   0   0   1   1
   1   0   1   0   1
   0   0   1   0   1
Higesht: 4
Diagonal next:
++++++++++++++++++++++++++++++++++++++++++++++++++++++++++++++
i1 j1 val:1
   0   0   0   0   0
   1   1   0   1   1
   1   0   1   0   1
   0   0   1   0   1
Higesht: 2
Col before:
++++++++++++++++++++++++++++++++++++++++++++++++++++++++++++++
i1 j0 val:1
   0   0   0   0   0
   1   0   0   1   1
   1   0   1   0   1
   0   0   1   0   1
Higesht: 3
Row next:
++++++++++++++++++++++++++++++++++++++++++++++++++++++++++++++
i2 j0 val:1
   0   0   0   0   0
   0   0   0   1   1
   1   0   1   0   1
   0   0   1   0   1
Higesht: 4
Diagonal next:
++++++++++++++++++++++++++++++++++++++++++++++++++++++++++++++
i2 j2 val:1
   0   0   0   0   0
   1   0   0   1   1
   1   0   1   0   1
   0   0   1   0   1
Higesht: 3
Row next:
++++++++++++++++++++++++++++++++++++++++++++++++++++++++++++++
i3 j2 val:1
   0   0   0   0   0
   1   0   0   1   1
   1   0   0   0   1
   0   0   1   0   1
Higesht: 4
Diagonal back  behind:
++++++++++++++++++++++++++++++++++++++++++++++++++++++++++++++
i1 j3 val:1
   0   0   0   0   0
   1   0   0   1   1
   1   0   0   0   1
   0   0   1   0   1
Higesht: 4
Col next:
++++++++++++++++++++++++++++++++++++++++++++++++++++++++++++++
i1 j4 val:1
   0   0   0   0   0
   1   0   0   0   1
   1   0   0   0   1
   0   0   1   0   1
Higesht: 5
Row next:
++++++++++++++++++++++++++++++++++++++++++++++++++++++++++++++
i2 j4 val:1
   0   0   0   0   0
   1   0   0   0   0
   1   0   0   0   1
   0   0   1   0   1
Higesht: 6
Row next:
++++++++++++++++++++++++++++++++++++++++++++++++++++++++++++++
i3 j4 val:1
   0   0   0   0   0
   1   0   0   0   0
   1   0   0   0   0
   0   0   1   0   1
Higesht: 7
Diagonal next:
++++++++++++++++++++++++++++++++++++++++++++++++++++++++++++++
i2 j4 val:1
   0   0   0   0   0
   1   0   0   0   1
   1   0   0   0   1
   0   0   1   0   1
Higesht: 5
Row next:
++++++++++++++++++++++++++++++++++++++++++++++++++++++++++++++
i3 j4 val:1
   0   0   0   0   0
   1   0   0   0   1
   1   0   0   0   0
   0   0   1   0   1
Higesht: 6
Row before:
++++++++++++++++++++++++++++++++++++++++++++++++++++++++++++++
i1 j4 val:1
   0   0   0   0   0
   1   0   0   0   1
   1   0   0   0   0
   0   0   1   0   1
Higesht: 6
Diagonal back :
++++++++++++++++++++++++++++++++++++++++++++++++++++++++++++++
i2 j0 val:1
   0   0   0   0   0
   1   0   0   1   1
   1   0   1   0   1
   0   0   1   0   1
Higesht: 3
Row before:
++++++++++++++++++++++++++++++++++++++++++++++++++++++++++++++
i1 j0 val:1
   0   0   0   0   0
   1   0   0   1   1
   0   0   1   0   1
   0   0   1   0   1
Higesht: 4
=================================================
=================================================
++++++++++++++++++++++++++++++++++++++++++++++++++++++++++++++
i1 j0 val:1
   1   0   0   0   0
   1   1   0   1   1
   1   0   1   0   1
   0   0   1   0   1
Higesht: 1
Row next:
++++++++++++++++++++++++++++++++++++++++++++++++++++++++++++++
i2 j0 val:1
   1   0   0   0   0
   0   1   0   1   1
   1   0   1   0   1
   0   0   1   0   1
Higesht: 2
Diagonal back  behind:
++++++++++++++++++++++++++++++++++++++++++++++++++++++++++++++
i1 j1 val:1
   1   0   0   0   0
   0   1   0   1   1
   0   0   1   0   1
   0   0   1   0   1
Higesht: 3
Diagonal next:
++++++++++++++++++++++++++++++++++++++++++++++++++++++++++++++
i2 j2 val:1
   1   0   0   0   0
   0   0   0   1   1
   0   0   1   0   1
   0   0   1   0   1
Higesht: 4
Row next:
++++++++++++++++++++++++++++++++++++++++++++++++++++++++++++++
i3 j2 val:1
   1   0   0   0   0
   0   0   0   1   1
   0   0   0   0   1
   0   0   1   0   1
Higesht: 5
Diagonal back  behind:
++++++++++++++++++++++++++++++++++++++++++++++++++++++++++++++
i1 j3 val:1
   1   0   0   0   0
   0   0   0   1   1
   0   0   0   0   1
   0   0   1   0   1
Higesht: 5
Col next:
++++++++++++++++++++++++++++++++++++++++++++++++++++++++++++++
i1 j4 val:1
   1   0   0   0   0
   0   0   0   0   1
   0   0   0   0   1
   0   0   1   0   1
Higesht: 6
Row next:
++++++++++++++++++++++++++++++++++++++++++++++++++++++++++++++
i2 j4 val:1
   1   0   0   0   0
   0   0   0   0   0
   0   0   0   0   1
   0   0   1   0   1
Higesht: 7
Row next:
++++++++++++++++++++++++++++++++++++++++++++++++++++++++++++++
i3 j4 val:1
   1   0   0   0   0
   0   0   0   0   0
   0   0   0   0   0
   0   0   1   0   1
Higesht: 8
Diagonal next:
++++++++++++++++++++++++++++++++++++++++++++++++++++++++++++++
i2 j4 val:1
   1   0   0   0   0
   0   0   0   0   1
   0   0   0   0   1
   0   0   1   0   1
Higesht: 6
Row next:
++++++++++++++++++++++++++++++++++++++++++++++++++++++++++++++
i3 j4 val:1
   1   0   0   0   0
   0   0   0   0   1
   0   0   0   0   0
   0   0   1   0   1
Higesht: 7
Row before:
++++++++++++++++++++++++++++++++++++++++++++++++++++++++++++++
i1 j4 val:1
   1   0   0   0   0
   0   0   0   0   1
   0   0   0   0   0
   0   0   1   0   1
Higesht: 7
Diagonal next behind:
++++++++++++++++++++++++++++++++++++++++++++++++++++++++++++++
i0 j0 val:1
   1   0   0   0   0
   0   0   0   1   1
   0   0   1   0   1
   0   0   1   0   1
Higesht: 4
Row before:
++++++++++++++++++++++++++++++++++++++++++++++++++++++++++++++
i0 j0 val:1
   1   0   0   0   0
   0   1   0   1   1
   1   0   1   0   1
   0   0   1   0   1
Higesht: 2
Diagonal next:
++++++++++++++++++++++++++++++++++++++++++++++++++++++++++++++
i1 j1 val:1
   0   0   0   0   0
   0   1   0   1   1
   1   0   1   0   1
   0   0   1   0   1
Higesht: 3
Diagonal next:
++++++++++++++++++++++++++++++++++++++++++++++++++++++++++++++
i2 j2 val:1
   0   0   0   0   0
   0   0   0   1   1
   1   0   1   0   1
   0   0   1   0   1
Higesht: 4
Row next:
++++++++++++++++++++++++++++++++++++++++++++++++++++++++++++++
i3 j2 val:1
   0   0   0   0   0
   0   0   0   1   1
   1   0   0   0   1
   0   0   1   0   1
Higesht: 5
Diagonal back  behind:
++++++++++++++++++++++++++++++++++++++++++++++++++++++++++++++
i1 j3 val:1
   0   0   0   0   0
   0   0   0   1   1
   1   0   0   0   1
   0   0   1   0   1
Higesht: 5
Col next:
++++++++++++++++++++++++++++++++++++++++++++++++++++++++++++++
i1 j4 val:1
   0   0   0   0   0
   0   0   0   0   1
   1   0   0   0   1
   0   0   1   0   1
Higesht: 6
Row next:
++++++++++++++++++++++++++++++++++++++++++++++++++++++++++++++
i2 j4 val:1
   0   0   0   0   0
   0   0   0   0   0
   1   0   0   0   1
   0   0   1   0   1
Higesht: 7
Row next:
++++++++++++++++++++++++++++++++++++++++++++++++++++++++++++++
i3 j4 val:1
   0   0   0   0   0
   0   0   0   0   0
   1   0   0   0   0
   0   0   1   0   1
Higesht: 8
Diagonal next:
++++++++++++++++++++++++++++++++++++++++++++++++++++++++++++++
i2 j4 val:1
   0   0   0   0   0
   0   0   0   0   1
   1   0   0   0   1
   0   0   1   0   1
Higesht: 6
Row next:
++++++++++++++++++++++++++++++++++++++++++++++++++++++++++++++
i3 j4 val:1
   0   0   0   0   0
   0   0   0   0   1
   1   0   0   0   0
   0   0   1   0   1
Higesht: 7
Row before:
++++++++++++++++++++++++++++++++++++++++++++++++++++++++++++++
i1 j4 val:1
   0   0   0   0   0
   0   0   0   0   1
   1   0   0   0   0
   0   0   1   0   1
Higesht: 7
Diagonal back :
++++++++++++++++++++++++++++++++++++++++++++++++++++++++++++++
i2 j0 val:1
   0   0   0   0   0
   0   0   0   1   1
   1   0   1   0   1
   0   0   1   0   1
Higesht: 4
Col next:
++++++++++++++++++++++++++++++++++++++++++++++++++++++++++++++
i1 j1 val:1
   1   0   0   0   0
   0   1   0   1   1
   1   0   1   0   1
   0   0   1   0   1
Higesht: 2
Diagonal next:
++++++++++++++++++++++++++++++++++++++++++++++++++++++++++++++
i2 j2 val:1
   1   0   0   0   0
   0   0   0   1   1
   1   0   1   0   1
   0   0   1   0   1
Higesht: 3
Row next:
++++++++++++++++++++++++++++++++++++++++++++++++++++++++++++++
i3 j2 val:1
   1   0   0   0   0
   0   0   0   1   1
   1   0   0   0   1
   0   0   1   0   1
Higesht: 4
Diagonal back  behind:
++++++++++++++++++++++++++++++++++++++++++++++++++++++++++++++
i1 j3 val:1
   1   0   0   0   0
   0   0   0   1   1
   1   0   0   0   1
   0   0   1   0   1
Higesht: 4
Col next:
++++++++++++++++++++++++++++++++++++++++++++++++++++++++++++++
i1 j4 val:1
   1   0   0   0   0
   0   0   0   0   1
   1   0   0   0   1
   0   0   1   0   1
Higesht: 5
Row next:
++++++++++++++++++++++++++++++++++++++++++++++++++++++++++++++
i2 j4 val:1
   1   0   0   0   0
   0   0   0   0   0
   1   0   0   0   1
   0   0   1   0   1
Higesht: 6
Row next:
++++++++++++++++++++++++++++++++++++++++++++++++++++++++++++++
i3 j4 val:1
   1   0   0   0   0
   0   0   0   0   0
   1   0   0   0   0
   0   0   1   0   1
Higesht: 7
Diagonal next:
++++++++++++++++++++++++++++++++++++++++++++++++++++++++++++++
i2 j4 val:1
   1   0   0   0   0
   0   0   0   0   1
   1   0   0   0   1
   0   0   1   0   1
Higesht: 5
Row next:
++++++++++++++++++++++++++++++++++++++++++++++++++++++++++++++
i3 j4 val:1
   1   0   0   0   0
   0   0   0   0   1
   1   0   0   0   0
   0   0   1   0   1
Higesht: 6
Row before:
++++++++++++++++++++++++++++++++++++++++++++++++++++++++++++++
i1 j4 val:1
   1   0   0   0   0
   0   0   0   0   1
   1   0   0   0   0
   0   0   1   0   1
Higesht: 6
Diagonal next behind:
++++++++++++++++++++++++++++++++++++++++++++++++++++++++++++++
i0 j0 val:1
   1   0   0   0   0
   0   0   0   1   1
   1   0   1   0   1
   0   0   1   0   1
Higesht: 3
Diagonal back :
++++++++++++++++++++++++++++++++++++++++++++++++++++++++++++++
i2 j0 val:1
   1   0   0   0   0
   0   0   0   1   1
   1   0   1   0   1
   0   0   1   0   1
Higesht: 3
=================================================
=================================================
++++++++++++++++++++++++++++++++++++++++++++++++++++++++++++++
i1 j1 val:1
   1   0   0   0   0
   1   1   0   1   1
   1   0   1   0   1
   0   0   1   0   1
Higesht: 1
Col before:
++++++++++++++++++++++++++++++++++++++++++++++++++++++++++++++
i1 j0 val:1
   1   0   0   0   0
   1   0   0   1   1
   1   0   1   0   1
   0   0   1   0   1
Higesht: 2
Row next:
++++++++++++++++++++++++++++++++++++++++++++++++++++++++++++++
i2 j0 val:1
   1   0   0   0   0
   0   0   0   1   1
   1   0   1   0   1
   0   0   1   0   1
Higesht: 3
Row before:
++++++++++++++++++++++++++++++++++++++++++++++++++++++++++++++
i0 j0 val:1
   1   0   0   0   0
   0   0   0   1   1
   1   0   1   0   1
   0   0   1   0   1
Higesht: 3
Diagonal next:
++++++++++++++++++++++++++++++++++++++++++++++++++++++++++++++
i2 j2 val:1
   1   0   0   0   0
   1   0   0   1   1
   1   0   1   0   1
   0   0   1   0   1
Higesht: 2
Row next:
++++++++++++++++++++++++++++++++++++++++++++++++++++++++++++++
i3 j2 val:1
   1   0   0   0   0
   1   0   0   1   1
   1   0   0   0   1
   0   0   1   0   1
Higesht: 3
Diagonal back  behind:
++++++++++++++++++++++++++++++++++++++++++++++++++++++++++++++
i1 j3 val:1
   1   0   0   0   0
   1   0   0   1   1
   1   0   0   0   1
   0   0   1   0   1
Higesht: 3
Col next:
++++++++++++++++++++++++++++++++++++++++++++++++++++++++++++++
i1 j4 val:1
   1   0   0   0   0
   1   0   0   0   1
   1   0   0   0   1
   0   0   1   0   1
Higesht: 4
Row next:
++++++++++++++++++++++++++++++++++++++++++++++++++++++++++++++
i2 j4 val:1
   1   0   0   0   0
   1   0   0   0   0
   1   0   0   0   1
   0   0   1   0   1
Higesht: 5
Row next:
++++++++++++++++++++++++++++++++++++++++++++++++++++++++++++++
i3 j4 val:1
   1   0   0   0   0
   1   0   0   0   0
   1   0   0   0   0
   0   0   1   0   1
Higesht: 6
Diagonal next:
++++++++++++++++++++++++++++++++++++++++++++++++++++++++++++++
i2 j4 val:1
   1   0   0   0   0
   1   0   0   0   1
   1   0   0   0   1
   0   0   1   0   1
Higesht: 4
Row next:
++++++++++++++++++++++++++++++++++++++++++++++++++++++++++++++
i3 j4 val:1
   1   0   0   0   0
   1   0   0   0   1
   1   0   0   0   0
   0   0   1   0   1
Higesht: 5
Row before:
++++++++++++++++++++++++++++++++++++++++++++++++++++++++++++++
i1 j4 val:1
   1   0   0   0   0
   1   0   0   0   1
   1   0   0   0   0
   0   0   1   0   1
Higesht: 5
Diagonal next behind:
++++++++++++++++++++++++++++++++++++++++++++++++++++++++++++++
i0 j0 val:1
   1   0   0   0   0
   1   0   0   1   1
   1   0   1   0   1
   0   0   1   0   1
Higesht: 2
Row next:
++++++++++++++++++++++++++++++++++++++++++++++++++++++++++++++
i1 j0 val:1
   0   0   0   0   0
   1   0   0   1   1
   1   0   1   0   1
   0   0   1   0   1
Higesht: 3
Row next:
++++++++++++++++++++++++++++++++++++++++++++++++++++++++++++++
i2 j0 val:1
   0   0   0   0   0
   0   0   0   1   1
   1   0   1   0   1
   0   0   1   0   1
Higesht: 4
Diagonal back :
++++++++++++++++++++++++++++++++++++++++++++++++++++++++++++++
i2 j0 val:1
   1   0   0   0   0
   1   0   0   1   1
   1   0   1   0   1
   0   0   1   0   1
Higesht: 2
Row before:
++++++++++++++++++++++++++++++++++++++++++++++++++++++++++++++
i1 j0 val:1
   1   0   0   0   0
   1   0   0   1   1
   0   0   1   0   1
   0   0   1   0   1
Higesht: 3
Row before:
++++++++++++++++++++++++++++++++++++++++++++++++++++++++++++++
i0 j0 val:1
   1   0   0   0   0
   0   0   0   1   1
   0   0   1   0   1
   0   0   1   0   1
Higesht: 4
=================================================
=================================================
++++++++++++++++++++++++++++++++++++++++++++++++++++++++++++++
i1 j3 val:1
   1   0   0   0   0
   1   1   0   1   1
   1   0   1   0   1
   0   0   1   0   1
Higesht: 1
Col next:
++++++++++++++++++++++++++++++++++++++++++++++++++++++++++++++
i1 j4 val:1
   1   0   0   0   0
   1   1   0   0   1
   1   0   1   0   1
   0   0   1   0   1
Higesht: 2
Row next:
++++++++++++++++++++++++++++++++++++++++++++++++++++++++++++++
i2 j4 val:1
   1   0   0   0   0
   1   1   0   0   0
   1   0   1   0   1
   0   0   1   0   1
Higesht: 3
Row next:
++++++++++++++++++++++++++++++++++++++++++++++++++++++++++++++
i3 j4 val:1
   1   0   0   0   0
   1   1   0   0   0
   1   0   1   0   0
   0   0   1   0   1
Higesht: 4
Diagonal next:
++++++++++++++++++++++++++++++++++++++++++++++++++++++++++++++
i2 j4 val:1
   1   0   0   0   0
   1   1   0   0   1
   1   0   1   0   1
   0   0   1   0   1
Higesht: 2
Row next:
++++++++++++++++++++++++++++++++++++++++++++++++++++++++++++++
i3 j4 val:1
   1   0   0   0   0
   1   1   0   0   1
   1   0   1   0   0
   0   0   1   0   1
Higesht: 3
Row before:
++++++++++++++++++++++++++++++++++++++++++++++++++++++++++++++
i1 j4 val:1
   1   0   0   0   0
   1   1   0   0   1
   1   0   1   0   0
   0   0   1   0   1
Higesht: 3
Diagonal back :
++++++++++++++++++++++++++++++++++++++++++++++++++++++++++++++
i2 j2 val:1
   1   0   0   0   0
   1   1   0   0   1
   1   0   1   0   1
   0   0   1   0   1
Higesht: 2
Row next:
++++++++++++++++++++++++++++++++++++++++++++++++++++++++++++++
i3 j2 val:1
   1   0   0   0   0
   1   1   0   0   1
   1   0   0   0   1
   0   0   1   0   1
Higesht: 3
Diagonal next behind:
++++++++++++++++++++++++++++++++++++++++++++++++++++++++++++++
i1 j1 val:1
   1   0   0   0   0
   1   1   0   0   1
   1   0   0   0   1
   0   0   1   0   1
Higesht: 3
Col before:
++++++++++++++++++++++++++++++++++++++++++++++++++++++++++++++
i1 j0 val:1
   1   0   0   0   0
   1   0   0   0   1
   1   0   0   0   1
   0   0   1   0   1
Higesht: 4
Row next:
++++++++++++++++++++++++++++++++++++++++++++++++++++++++++++++
i2 j0 val:1
   1   0   0   0   0
   0   0   0   0   1
   1   0   0   0   1
   0   0   1   0   1
Higesht: 5
Row before:
++++++++++++++++++++++++++++++++++++++++++++++++++++++++++++++
i0 j0 val:1
   1   0   0   0   0
   0   0   0   0   1
   1   0   0   0   1
   0   0   1   0   1
Higesht: 5
Diagonal next behind:
++++++++++++++++++++++++++++++++++++++++++++++++++++++++++++++
i0 j0 val:1
   1   0   0   0   0
   1   0   0   0   1
   1   0   0   0   1
   0   0   1   0   1
Higesht: 4
Row next:
++++++++++++++++++++++++++++++++++++++++++++++++++++++++++++++
i1 j0 val:1
   0   0   0   0   0
   1   0   0   0   1
   1   0   0   0   1
   0   0   1   0   1
Higesht: 5
Row next:
++++++++++++++++++++++++++++++++++++++++++++++++++++++++++++++
i2 j0 val:1
   0   0   0   0   0
   0   0   0   0   1
   1   0   0   0   1
   0   0   1   0   1
Higesht: 6
Diagonal back :
++++++++++++++++++++++++++++++++++++++++++++++++++++++++++++++
i2 j0 val:1
   1   0   0   0   0
   1   0   0   0   1
   1   0   0   0   1
   0   0   1   0   1
Higesht: 4
Row before:
++++++++++++++++++++++++++++++++++++++++++++++++++++++++++++++
i1 j0 val:1
   1   0   0   0   0
   1   0   0   0   1
   0   0   0   0   1
   0   0   1   0   1
Higesht: 5
Row before:
++++++++++++++++++++++++++++++++++++++++++++++++++++++++++++++
i0 j0 val:1
   1   0   0   0   0
   0   0   0   0   1
   0   0   0   0   1
   0   0   1   0   1
Higesht: 6
=================================================
=================================================
++++++++++++++++++++++++++++++++++++++++++++++++++++++++++++++
i1 j4 val:1
   1   0   0   0   0
   1   1   0   1   1
   1   0   1   0   1
   0   0   1   0   1
Higesht: 1
Row next:
++++++++++++++++++++++++++++++++++++++++++++++++++++++++++++++
i2 j4 val:1
   1   0   0   0   0
   1   1   0   1   0
   1   0   1   0   1
   0   0   1   0   1
Higesht: 2
Row next:
++++++++++++++++++++++++++++++++++++++++++++++++++++++++++++++
i3 j4 val:1
   1   0   0   0   0
   1   1   0   1   0
   1   0   1   0   0
   0   0   1   0   1
Higesht: 3
Diagonal next behind:
++++++++++++++++++++++++++++++++++++++++++++++++++++++++++++++
i1 j3 val:1
   1   0   0   0   0
   1   1   0   1   0
   1   0   1   0   0
   0   0   1   0   1
Higesht: 3
Diagonal back :
++++++++++++++++++++++++++++++++++++++++++++++++++++++++++++++
i2 j2 val:1
   1   0   0   0   0
   1   1   0   0   0
   1   0   1   0   0
   0   0   1   0   1
Higesht: 4
Row next:
++++++++++++++++++++++++++++++++++++++++++++++++++++++++++++++
i3 j2 val:1
   1   0   0   0   0
   1   1   0   0   0
   1   0   0   0   0
   0   0   1   0   1
Higesht: 5
Diagonal next behind:
++++++++++++++++++++++++++++++++++++++++++++++++++++++++++++++
i1 j1 val:1
   1   0   0   0   0
   1   1   0   0   0
   1   0   0   0   0
   0   0   1   0   1
Higesht: 5
Col before:
++++++++++++++++++++++++++++++++++++++++++++++++++++++++++++++
i1 j0 val:1
   1   0   0   0   0
   1   0   0   0   0
   1   0   0   0   0
   0   0   1   0   1
Higesht: 6
Row next:
++++++++++++++++++++++++++++++++++++++++++++++++++++++++++++++
i2 j0 val:1
   1   0   0   0   0
   0   0   0   0   0
   1   0   0   0   0
   0   0   1   0   1
Higesht: 7
Row before:
++++++++++++++++++++++++++++++++++++++++++++++++++++++++++++++
i0 j0 val:1
   1   0   0   0   0
   0   0   0   0   0
   1   0   0   0   0
   0   0   1   0   1
Higesht: 7
Diagonal next behind:
++++++++++++++++++++++++++++++++++++++++++++++++++++++++++++++
i0 j0 val:1
   1   0   0   0   0
   1   0   0   0   0
   1   0   0   0   0
   0   0   1   0   1
Higesht: 6
Row next:
++++++++++++++++++++++++++++++++++++++++++++++++++++++++++++++
i1 j0 val:1
   0   0   0   0   0
   1   0   0   0   0
   1   0   0   0   0
   0   0   1   0   1
Higesht: 7
Row next:
++++++++++++++++++++++++++++++++++++++++++++++++++++++++++++++
i2 j0 val:1
   0   0   0   0   0
   0   0   0   0   0
   1   0   0   0   0
   0   0   1   0   1
Higesht: 8
Diagonal back :
++++++++++++++++++++++++++++++++++++++++++++++++++++++++++++++
i2 j0 val:1
   1   0   0   0   0
   1   0   0   0   0
   1   0   0   0   0
   0   0   1   0   1
Higesht: 6
Row before:
++++++++++++++++++++++++++++++++++++++++++++++++++++++++++++++
i1 j0 val:1
   1   0   0   0   0
   1   0   0   0   0
   0   0   0   0   0
   0   0   1   0   1
Higesht: 7
Row before:
++++++++++++++++++++++++++++++++++++++++++++++++++++++++++++++
i0 j0 val:1
   1   0   0   0   0
   0   0   0   0   0
   0   0   0   0   0
   0   0   1   0   1
Higesht: 8
Col before:
++++++++++++++++++++++++++++++++++++++++++++++++++++++++++++++
i1 j3 val:1
   1   0   0   0   0
   1   1   0   1   0
   1   0   1   0   1
   0   0   1   0   1
Higesht: 2
Diagonal next:
++++++++++++++++++++++++++++++++++++++++++++++++++++++++++++++
i2 j4 val:1
   1   0   0   0   0
   1   1   0   0   0
   1   0   1   0   1
   0   0   1   0   1
Higesht: 3
Row next:
++++++++++++++++++++++++++++++++++++++++++++++++++++++++++++++
i3 j4 val:1
   1   0   0   0   0
   1   1   0   0   0
   1   0   1   0   0
   0   0   1   0   1
Higesht: 4
Diagonal back :
++++++++++++++++++++++++++++++++++++++++++++++++++++++++++++++
i2 j2 val:1
   1   0   0   0   0
   1   1   0   0   0
   1   0   1   0   1
   0   0   1   0   1
Higesht: 3
Row next:
++++++++++++++++++++++++++++++++++++++++++++++++++++++++++++++
i3 j2 val:1
   1   0   0   0   0
   1   1   0   0   0
   1   0   0   0   1
   0   0   1   0   1
Higesht: 4
Diagonal next behind:
++++++++++++++++++++++++++++++++++++++++++++++++++++++++++++++
i1 j1 val:1
   1   0   0   0   0
   1   1   0   0   0
   1   0   0   0   1
   0   0   1   0   1
Higesht: 4
Col before:
++++++++++++++++++++++++++++++++++++++++++++++++++++++++++++++
i1 j0 val:1
   1   0   0   0   0
   1   0   0   0   0
   1   0   0   0   1
   0   0   1   0   1
Higesht: 5
Row next:
++++++++++++++++++++++++++++++++++++++++++++++++++++++++++++++
i2 j0 val:1
   1   0   0   0   0
   0   0   0   0   0
   1   0   0   0   1
   0   0   1   0   1
Higesht: 6
Row before:
++++++++++++++++++++++++++++++++++++++++++++++++++++++++++++++
i0 j0 val:1
   1   0   0   0   0
   0   0   0   0   0
   1   0   0   0   1
   0   0   1   0   1
Higesht: 6
Diagonal next behind:
++++++++++++++++++++++++++++++++++++++++++++++++++++++++++++++
i0 j0 val:1
   1   0   0   0   0
   1   0   0   0   0
   1   0   0   0   1
   0   0   1   0   1
Higesht: 5
Row next:
++++++++++++++++++++++++++++++++++++++++++++++++++++++++++++++
i1 j0 val:1
   0   0   0   0   0
   1   0   0   0   0
   1   0   0   0   1
   0   0   1   0   1
Higesht: 6
Row next:
++++++++++++++++++++++++++++++++++++++++++++++++++++++++++++++
i2 j0 val:1
   0   0   0   0   0
   0   0   0   0   0
   1   0   0   0   1
   0   0   1   0   1
Higesht: 7
Diagonal back :
++++++++++++++++++++++++++++++++++++++++++++++++++++++++++++++
i2 j0 val:1
   1   0   0   0   0
   1   0   0   0   0
   1   0   0   0   1
   0   0   1   0   1
Higesht: 5
Row before:
++++++++++++++++++++++++++++++++++++++++++++++++++++++++++++++
i1 j0 val:1
   1   0   0   0   0
   1   0   0   0   0
   0   0   0   0   1
   0   0   1   0   1
Higesht: 6
Row before:
++++++++++++++++++++++++++++++++++++++++++++++++++++++++++++++
i0 j0 val:1
   1   0   0   0   0
   0   0   0   0   0
   0   0   0   0   1
   0   0   1   0   1
Higesht: 7
=================================================
=================================================
++++++++++++++++++++++++++++++++++++++++++++++++++++++++++++++
i2 j0 val:1
   1   0   0   0   0
   1   1   0   1   1
   1   0   1   0   1
   0   0   1   0   1
Higesht: 1
Row before:
++++++++++++++++++++++++++++++++++++++++++++++++++++++++++++++
i1 j0 val:1
   1   0   0   0   0
   1   1   0   1   1
   0   0   1   0   1
   0   0   1   0   1
Higesht: 2
Row before:
++++++++++++++++++++++++++++++++++++++++++++++++++++++++++++++
i0 j0 val:1
   1   0   0   0   0
   0   1   0   1   1
   0   0   1   0   1
   0   0   1   0   1
Higesht: 3
Diagonal next:
++++++++++++++++++++++++++++++++++++++++++++++++++++++++++++++
i1 j1 val:1
   0   0   0   0   0
   0   1   0   1   1
   0   0   1   0   1
   0   0   1   0   1
Higesht: 4
Diagonal next:
++++++++++++++++++++++++++++++++++++++++++++++++++++++++++++++
i2 j2 val:1
   0   0   0   0   0
   0   0   0   1   1
   0   0   1   0   1
   0   0   1   0   1
Higesht: 5
Row next:
++++++++++++++++++++++++++++++++++++++++++++++++++++++++++++++
i3 j2 val:1
   0   0   0   0   0
   0   0   0   1   1
   0   0   0   0   1
   0   0   1   0   1
Higesht: 6
Diagonal back  behind:
++++++++++++++++++++++++++++++++++++++++++++++++++++++++++++++
i1 j3 val:1
   0   0   0   0   0
   0   0   0   1   1
   0   0   0   0   1
   0   0   1   0   1
Higesht: 6
Col next:
++++++++++++++++++++++++++++++++++++++++++++++++++++++++++++++
i1 j4 val:1
   0   0   0   0   0
   0   0   0   0   1
   0   0   0   0   1
   0   0   1   0   1
Higesht: 7
Row next:
++++++++++++++++++++++++++++++++++++++++++++++++++++++++++++++
i2 j4 val:1
   0   0   0   0   0
   0   0   0   0   0
   0   0   0   0   1
   0   0   1   0   1
Higesht: 8
Row next:
++++++++++++++++++++++++++++++++++++++++++++++++++++++++++++++
i3 j4 val:1
   0   0   0   0   0
   0   0   0   0   0
   0   0   0   0   0
   0   0   1   0   1
Higesht: 9
Diagonal next:
++++++++++++++++++++++++++++++++++++++++++++++++++++++++++++++
i2 j4 val:1
   0   0   0   0   0
   0   0   0   0   1
   0   0   0   0   1
   0   0   1   0   1
Higesht: 7
Row next:
++++++++++++++++++++++++++++++++++++++++++++++++++++++++++++++
i3 j4 val:1
   0   0   0   0   0
   0   0   0   0   1
   0   0   0   0   0
   0   0   1   0   1
Higesht: 8
Row before:
++++++++++++++++++++++++++++++++++++++++++++++++++++++++++++++
i1 j4 val:1
   0   0   0   0   0
   0   0   0   0   1
   0   0   0   0   0
   0   0   1   0   1
Higesht: 8
Col next:
++++++++++++++++++++++++++++++++++++++++++++++++++++++++++++++
i1 j1 val:1
   1   0   0   0   0
   0   1   0   1   1
   0   0   1   0   1
   0   0   1   0   1
Higesht: 3
Diagonal next:
++++++++++++++++++++++++++++++++++++++++++++++++++++++++++++++
i2 j2 val:1
   1   0   0   0   0
   0   0   0   1   1
   0   0   1   0   1
   0   0   1   0   1
Higesht: 4
Row next:
++++++++++++++++++++++++++++++++++++++++++++++++++++++++++++++
i3 j2 val:1
   1   0   0   0   0
   0   0   0   1   1
   0   0   0   0   1
   0   0   1   0   1
Higesht: 5
Diagonal back  behind:
++++++++++++++++++++++++++++++++++++++++++++++++++++++++++++++
i1 j3 val:1
   1   0   0   0   0
   0   0   0   1   1
   0   0   0   0   1
   0   0   1   0   1
Higesht: 5
Col next:
++++++++++++++++++++++++++++++++++++++++++++++++++++++++++++++
i1 j4 val:1
   1   0   0   0   0
   0   0   0   0   1
   0   0   0   0   1
   0   0   1   0   1
Higesht: 6
Row next:
++++++++++++++++++++++++++++++++++++++++++++++++++++++++++++++
i2 j4 val:1
   1   0   0   0   0
   0   0   0   0   0
   0   0   0   0   1
   0   0   1   0   1
Higesht: 7
Row next:
++++++++++++++++++++++++++++++++++++++++++++++++++++++++++++++
i3 j4 val:1
   1   0   0   0   0
   0   0   0   0   0
   0   0   0   0   0
   0   0   1   0   1
Higesht: 8
Diagonal next:
++++++++++++++++++++++++++++++++++++++++++++++++++++++++++++++
i2 j4 val:1
   1   0   0   0   0
   0   0   0   0   1
   0   0   0   0   1
   0   0   1   0   1
Higesht: 6
Row next:
++++++++++++++++++++++++++++++++++++++++++++++++++++++++++++++
i3 j4 val:1
   1   0   0   0   0
   0   0   0   0   1
   0   0   0   0   0
   0   0   1   0   1
Higesht: 7
Row before:
++++++++++++++++++++++++++++++++++++++++++++++++++++++++++++++
i1 j4 val:1
   1   0   0   0   0
   0   0   0   0   1
   0   0   0   0   0
   0   0   1   0   1
Higesht: 7
Diagonal next behind:
++++++++++++++++++++++++++++++++++++++++++++++++++++++++++++++
i0 j0 val:1
   1   0   0   0   0
   0   0   0   1   1
   0   0   1   0   1
   0   0   1   0   1
Higesht: 4
Diagonal back  behind:
++++++++++++++++++++++++++++++++++++++++++++++++++++++++++++++
i1 j1 val:1
   1   0   0   0   0
   1   1   0   1   1
   0   0   1   0   1
   0   0   1   0   1
Higesht: 2
Col before:
++++++++++++++++++++++++++++++++++++++++++++++++++++++++++++++
i1 j0 val:1
   1   0   0   0   0
   1   0   0   1   1
   0   0   1   0   1
   0   0   1   0   1
Higesht: 3
Row before:
++++++++++++++++++++++++++++++++++++++++++++++++++++++++++++++
i0 j0 val:1
   1   0   0   0   0
   0   0   0   1   1
   0   0   1   0   1
   0   0   1   0   1
Higesht: 4
Diagonal next:
++++++++++++++++++++++++++++++++++++++++++++++++++++++++++++++
i2 j2 val:1
   1   0   0   0   0
   1   0   0   1   1
   0   0   1   0   1
   0   0   1   0   1
Higesht: 3
Row next:
++++++++++++++++++++++++++++++++++++++++++++++++++++++++++++++
i3 j2 val:1
   1   0   0   0   0
   1   0   0   1   1
   0   0   0   0   1
   0   0   1   0   1
Higesht: 4
Diagonal back  behind:
++++++++++++++++++++++++++++++++++++++++++++++++++++++++++++++
i1 j3 val:1
   1   0   0   0   0
   1   0   0   1   1
   0   0   0   0   1
   0   0   1   0   1
Higesht: 4
Col next:
++++++++++++++++++++++++++++++++++++++++++++++++++++++++++++++
i1 j4 val:1
   1   0   0   0   0
   1   0   0   0   1
   0   0   0   0   1
   0   0   1   0   1
Higesht: 5
Row next:
++++++++++++++++++++++++++++++++++++++++++++++++++++++++++++++
i2 j4 val:1
   1   0   0   0   0
   1   0   0   0   0
   0   0   0   0   1
   0   0   1   0   1
Higesht: 6
Row next:
++++++++++++++++++++++++++++++++++++++++++++++++++++++++++++++
i3 j4 val:1
   1   0   0   0   0
   1   0   0   0   0
   0   0   0   0   0
   0   0   1   0   1
Higesht: 7
Diagonal next:
++++++++++++++++++++++++++++++++++++++++++++++++++++++++++++++
i2 j4 val:1
   1   0   0   0   0
   1   0   0   0   1
   0   0   0   0   1
   0   0   1   0   1
Higesht: 5
Row next:
++++++++++++++++++++++++++++++++++++++++++++++++++++++++++++++
i3 j4 val:1
   1   0   0   0   0
   1   0   0   0   1
   0   0   0   0   0
   0   0   1   0   1
Higesht: 6
Row before:
++++++++++++++++++++++++++++++++++++++++++++++++++++++++++++++
i1 j4 val:1
   1   0   0   0   0
   1   0   0   0   1
   0   0   0   0   0
   0   0   1   0   1
Higesht: 6
Diagonal next behind:
++++++++++++++++++++++++++++++++++++++++++++++++++++++++++++++
i0 j0 val:1
   1   0   0   0   0
   1   0   0   1   1
   0   0   1   0   1
   0   0   1   0   1
Higesht: 3
Row next:
++++++++++++++++++++++++++++++++++++++++++++++++++++++++++++++
i1 j0 val:1
   0   0   0   0   0
   1   0   0   1   1
   0   0   1   0   1
   0   0   1   0   1
Higesht: 4
=================================================
=================================================
++++++++++++++++++++++++++++++++++++++++++++++++++++++++++++++
i2 j2 val:1
   1   0   0   0   0
   1   1   0   1   1
   1   0   1   0   1
   0   0   1   0   1
Higesht: 1
Row next:
++++++++++++++++++++++++++++++++++++++++++++++++++++++++++++++
i3 j2 val:1
   1   0   0   0   0
   1   1   0   1   1
   1   0   0   0   1
   0   0   1   0   1
Higesht: 2
Diagonal next behind:
++++++++++++++++++++++++++++++++++++++++++++++++++++++++++++++
i1 j1 val:1
   1   0   0   0   0
   1   1   0   1   1
   1   0   0   0   1
   0   0   1   0   1
Higesht: 2
Col before:
++++++++++++++++++++++++++++++++++++++++++++++++++++++++++++++
i1 j0 val:1
   1   0   0   0   0
   1   0   0   1   1
   1   0   0   0   1
   0   0   1   0   1
Higesht: 3
Row next:
++++++++++++++++++++++++++++++++++++++++++++++++++++++++++++++
i2 j0 val:1
   1   0   0   0   0
   0   0   0   1   1
   1   0   0   0   1
   0   0   1   0   1
Higesht: 4
Row before:
++++++++++++++++++++++++++++++++++++++++++++++++++++++++++++++
i0 j0 val:1
   1   0   0   0   0
   0   0   0   1   1
   1   0   0   0   1
   0   0   1   0   1
Higesht: 4
Diagonal next behind:
++++++++++++++++++++++++++++++++++++++++++++++++++++++++++++++
i0 j0 val:1
   1   0   0   0   0
   1   0   0   1   1
   1   0   0   0   1
   0   0   1   0   1
Higesht: 3
Row next:
++++++++++++++++++++++++++++++++++++++++++++++++++++++++++++++
i1 j0 val:1
   0   0   0   0   0
   1   0   0   1   1
   1   0   0   0   1
   0   0   1   0   1
Higesht: 4
Row next:
++++++++++++++++++++++++++++++++++++++++++++++++++++++++++++++
i2 j0 val:1
   0   0   0   0   0
   0   0   0   1   1
   1   0   0   0   1
   0   0   1   0   1
Higesht: 5
Diagonal back :
++++++++++++++++++++++++++++++++++++++++++++++++++++++++++++++
i2 j0 val:1
   1   0   0   0   0
   1   0   0   1   1
   1   0   0   0   1
   0   0   1   0   1
Higesht: 3
Row before:
++++++++++++++++++++++++++++++++++++++++++++++++++++++++++++++
i1 j0 val:1
   1   0   0   0   0
   1   0   0   1   1
   0   0   0   0   1
   0   0   1   0   1
Higesht: 4
Row before:
++++++++++++++++++++++++++++++++++++++++++++++++++++++++++++++
i0 j0 val:1
   1   0   0   0   0
   0   0   0   1   1
   0   0   0   0   1
   0   0   1   0   1
Higesht: 5
Diagonal back  behind:
++++++++++++++++++++++++++++++++++++++++++++++++++++++++++++++
i1 j3 val:1
   1   0   0   0   0
   1   1   0   1   1
   1   0   0   0   1
   0   0   1   0   1
Higesht: 2
Col next:
++++++++++++++++++++++++++++++++++++++++++++++++++++++++++++++
i1 j4 val:1
   1   0   0   0   0
   1   1   0   0   1
   1   0   0   0   1
   0   0   1   0   1
Higesht: 3
Row next:
++++++++++++++++++++++++++++++++++++++++++++++++++++++++++++++
i2 j4 val:1
   1   0   0   0   0
   1   1   0   0   0
   1   0   0   0   1
   0   0   1   0   1
Higesht: 4
Row next:
++++++++++++++++++++++++++++++++++++++++++++++++++++++++++++++
i3 j4 val:1
   1   0   0   0   0
   1   1   0   0   0
   1   0   0   0   0
   0   0   1   0   1
Higesht: 5
Diagonal next:
++++++++++++++++++++++++++++++++++++++++++++++++++++++++++++++
i2 j4 val:1
   1   0   0   0   0
   1   1   0   0   1
   1   0   0   0   1
   0   0   1   0   1
Higesht: 3
Row next:
++++++++++++++++++++++++++++++++++++++++++++++++++++++++++++++
i3 j4 val:1
   1   0   0   0   0
   1   1   0   0   1
   1   0   0   0   0
   0   0   1   0   1
Higesht: 4
Row before:
++++++++++++++++++++++++++++++++++++++++++++++++++++++++++++++
i1 j4 val:1
   1   0   0   0   0
   1   1   0   0   1
   1   0   0   0   0
   0   0   1   0   1
Higesht: 4
=================================================
=================================================
++++++++++++++++++++++++++++++++++++++++++++++++++++++++++++++
i2 j4 val:1
   1   0   0   0   0
   1   1   0   1   1
   1   0   1   0   1
   0   0   1   0   1
Higesht: 1
Row next:
++++++++++++++++++++++++++++++++++++++++++++++++++++++++++++++
i3 j4 val:1
   1   0   0   0   0
   1   1   0   1   1
   1   0   1   0   0
   0   0   1   0   1
Higesht: 2
Row before:
++++++++++++++++++++++++++++++++++++++++++++++++++++++++++++++
i1 j4 val:1
   1   0   0   0   0
   1   1   0   1   1
   1   0   1   0   0
   0   0   1   0   1
Higesht: 2
Col before:
++++++++++++++++++++++++++++++++++++++++++++++++++++++++++++++
i1 j3 val:1
   1   0   0   0   0
   1   1   0   1   0
   1   0   1   0   0
   0   0   1   0   1
Higesht: 3
Diagonal back :
++++++++++++++++++++++++++++++++++++++++++++++++++++++++++++++
i2 j2 val:1
   1   0   0   0   0
   1   1   0   0   0
   1   0   1   0   0
   0   0   1   0   1
Higesht: 4
Row next:
++++++++++++++++++++++++++++++++++++++++++++++++++++++++++++++
i3 j2 val:1
   1   0   0   0   0
   1   1   0   0   0
   1   0   0   0   0
   0   0   1   0   1
Higesht: 5
Diagonal next behind:
++++++++++++++++++++++++++++++++++++++++++++++++++++++++++++++
i1 j1 val:1
   1   0   0   0   0
   1   1   0   0   0
   1   0   0   0   0
   0   0   1   0   1
Higesht: 5
Col before:
++++++++++++++++++++++++++++++++++++++++++++++++++++++++++++++
i1 j0 val:1
   1   0   0   0   0
   1   0   0   0   0
   1   0   0   0   0
   0   0   1   0   1
Higesht: 6
Row next:
++++++++++++++++++++++++++++++++++++++++++++++++++++++++++++++
i2 j0 val:1
   1   0   0   0   0
   0   0   0   0   0
   1   0   0   0   0
   0   0   1   0   1
Higesht: 7
Row before:
++++++++++++++++++++++++++++++++++++++++++++++++++++++++++++++
i0 j0 val:1
   1   0   0   0   0
   0   0   0   0   0
   1   0   0   0   0
   0   0   1   0   1
Higesht: 7
Diagonal next behind:
++++++++++++++++++++++++++++++++++++++++++++++++++++++++++++++
i0 j0 val:1
   1   0   0   0   0
   1   0   0   0   0
   1   0   0   0   0
   0   0   1   0   1
Higesht: 6
Row next:
++++++++++++++++++++++++++++++++++++++++++++++++++++++++++++++
i1 j0 val:1
   0   0   0   0   0
   1   0   0   0   0
   1   0   0   0   0
   0   0   1   0   1
Higesht: 7
Row next:
++++++++++++++++++++++++++++++++++++++++++++++++++++++++++++++
i2 j0 val:1
   0   0   0   0   0
   0   0   0   0   0
   1   0   0   0   0
   0   0   1   0   1
Higesht: 8
Diagonal back :
++++++++++++++++++++++++++++++++++++++++++++++++++++++++++++++
i2 j0 val:1
   1   0   0   0   0
   1   0   0   0   0
   1   0   0   0   0
   0   0   1   0   1
Higesht: 6
Row before:
++++++++++++++++++++++++++++++++++++++++++++++++++++++++++++++
i1 j0 val:1
   1   0   0   0   0
   1   0   0   0   0
   0   0   0   0   0
   0   0   1   0   1
Higesht: 7
Row before:
++++++++++++++++++++++++++++++++++++++++++++++++++++++++++++++
i0 j0 val:1
   1   0   0   0   0
   0   0   0   0   0
   0   0   0   0   0
   0   0   1   0   1
Higesht: 8
Diagonal next behind:
++++++++++++++++++++++++++++++++++++++++++++++++++++++++++++++
i1 j3 val:1
   1   0   0   0   0
   1   1   0   1   1
   1   0   1   0   0
   0   0   1   0   1
Higesht: 2
Col next:
++++++++++++++++++++++++++++++++++++++++++++++++++++++++++++++
i1 j4 val:1
   1   0   0   0   0
   1   1   0   0   1
   1   0   1   0   0
   0   0   1   0   1
Higesht: 3
Diagonal back :
++++++++++++++++++++++++++++++++++++++++++++++++++++++++++++++
i2 j2 val:1
   1   0   0   0   0
   1   1   0   0   1
   1   0   1   0   0
   0   0   1   0   1
Higesht: 3
Row next:
++++++++++++++++++++++++++++++++++++++++++++++++++++++++++++++
i3 j2 val:1
   1   0   0   0   0
   1   1   0   0   1
   1   0   0   0   0
   0   0   1   0   1
Higesht: 4
Diagonal next behind:
++++++++++++++++++++++++++++++++++++++++++++++++++++++++++++++
i1 j1 val:1
   1   0   0   0   0
   1   1   0   0   1
   1   0   0   0   0
   0   0   1   0   1
Higesht: 4
Col before:
++++++++++++++++++++++++++++++++++++++++++++++++++++++++++++++
i1 j0 val:1
   1   0   0   0   0
   1   0   0   0   1
   1   0   0   0   0
   0   0   1   0   1
Higesht: 5
Row next:
++++++++++++++++++++++++++++++++++++++++++++++++++++++++++++++
i2 j0 val:1
   1   0   0   0   0
   0   0   0   0   1
   1   0   0   0   0
   0   0   1   0   1
Higesht: 6
Row before:
++++++++++++++++++++++++++++++++++++++++++++++++++++++++++++++
i0 j0 val:1
   1   0   0   0   0
   0   0   0   0   1
   1   0   0   0   0
   0   0   1   0   1
Higesht: 6
Diagonal next behind:
++++++++++++++++++++++++++++++++++++++++++++++++++++++++++++++
i0 j0 val:1
   1   0   0   0   0
   1   0   0   0   1
   1   0   0   0   0
   0   0   1   0   1
Higesht: 5
Row next:
++++++++++++++++++++++++++++++++++++++++++++++++++++++++++++++
i1 j0 val:1
   0   0   0   0   0
   1   0   0   0   1
   1   0   0   0   0
   0   0   1   0   1
Higesht: 6
Row next:
++++++++++++++++++++++++++++++++++++++++++++++++++++++++++++++
i2 j0 val:1
   0   0   0   0   0
   0   0   0   0   1
   1   0   0   0   0
   0   0   1   0   1
Higesht: 7
Diagonal back :
++++++++++++++++++++++++++++++++++++++++++++++++++++++++++++++
i2 j0 val:1
   1   0   0   0   0
   1   0   0   0   1
   1   0   0   0   0
   0   0   1   0   1
Higesht: 5
Row before:
++++++++++++++++++++++++++++++++++++++++++++++++++++++++++++++
i1 j0 val:1
   1   0   0   0   0
   1   0   0   0   1
   0   0   0   0   0
   0   0   1   0   1
Higesht: 6
Row before:
++++++++++++++++++++++++++++++++++++++++++++++++++++++++++++++
i0 j0 val:1
   1   0   0   0   0
   0   0   0   0   1
   0   0   0   0   0
   0   0   1   0   1
Higesht: 7
=================================================
=================================================
++++++++++++++++++++++++++++++++++++++++++++++++++++++++++++++
i3 j2 val:1
   1   0   0   0   0
   1   1   0   1   1
   1   0   1   0   1
   0   0   1   0   1
Higesht: 1
Row before:
++++++++++++++++++++++++++++++++++++++++++++++++++++++++++++++
i2 j2 val:1
   1   0   0   0   0
   1   1   0   1   1
   1   0   1   0   1
   0   0   0   0   1
Higesht: 2
Diagonal next behind:
++++++++++++++++++++++++++++++++++++++++++++++++++++++++++++++
i1 j1 val:1
   1   0   0   0   0
   1   1   0   1   1
   1   0   0   0   1
   0   0   0   0   1
Higesht: 3
Col before:
++++++++++++++++++++++++++++++++++++++++++++++++++++++++++++++
i1 j0 val:1
   1   0   0   0   0
   1   0   0   1   1
   1   0   0   0   1
   0   0   0   0   1
Higesht: 4
Row next:
++++++++++++++++++++++++++++++++++++++++++++++++++++++++++++++
i2 j0 val:1
   1   0   0   0   0
   0   0   0   1   1
   1   0   0   0   1
   0   0   0   0   1
Higesht: 5
Row before:
++++++++++++++++++++++++++++++++++++++++++++++++++++++++++++++
i0 j0 val:1
   1   0   0   0   0
   0   0   0   1   1
   1   0   0   0   1
   0   0   0   0   1
Higesht: 5
Diagonal next behind:
++++++++++++++++++++++++++++++++++++++++++++++++++++++++++++++
i0 j0 val:1
   1   0   0   0   0
   1   0   0   1   1
   1   0   0   0   1
   0   0   0   0   1
Higesht: 4
Row next:
++++++++++++++++++++++++++++++++++++++++++++++++++++++++++++++
i1 j0 val:1
   0   0   0   0   0
   1   0   0   1   1
   1   0   0   0   1
   0   0   0   0   1
Higesht: 5
Row next:
++++++++++++++++++++++++++++++++++++++++++++++++++++++++++++++
i2 j0 val:1
   0   0   0   0   0
   0   0   0   1   1
   1   0   0   0   1
   0   0   0   0   1
Higesht: 6
Diagonal back :
++++++++++++++++++++++++++++++++++++++++++++++++++++++++++++++
i2 j0 val:1
   1   0   0   0   0
   1   0   0   1   1
   1   0   0   0   1
   0   0   0   0   1
Higesht: 4
Row before:
++++++++++++++++++++++++++++++++++++++++++++++++++++++++++++++
i1 j0 val:1
   1   0   0   0   0
   1   0   0   1   1
   0   0   0   0   1
   0   0   0   0   1
Higesht: 5
Row before:
++++++++++++++++++++++++++++++++++++++++++++++++++++++++++++++
i0 j0 val:1
   1   0   0   0   0
   0   0   0   1   1
   0   0   0   0   1
   0   0   0   0   1
Higesht: 6
Diagonal back  behind:
++++++++++++++++++++++++++++++++++++++++++++++++++++++++++++++
i1 j3 val:1
   1   0   0   0   0
   1   1   0   1   1
   1   0   0   0   1
   0   0   0   0   1
Higesht: 3
Col next:
++++++++++++++++++++++++++++++++++++++++++++++++++++++++++++++
i1 j4 val:1
   1   0   0   0   0
   1   1   0   0   1
   1   0   0   0   1
   0   0   0   0   1
Higesht: 4
Row next:
++++++++++++++++++++++++++++++++++++++++++++++++++++++++++++++
i2 j4 val:1
   1   0   0   0   0
   1   1   0   0   0
   1   0   0   0   1
   0   0   0   0   1
Higesht: 5
Row next:
++++++++++++++++++++++++++++++++++++++++++++++++++++++++++++++
i3 j4 val:1
   1   0   0   0   0
   1   1   0   0   0
   1   0   0   0   0
   0   0   0   0   1
Higesht: 6
Diagonal next:
++++++++++++++++++++++++++++++++++++++++++++++++++++++++++++++
i2 j4 val:1
   1   0   0   0   0
   1   1   0   0   1
   1   0   0   0   1
   0   0   0   0   1
Higesht: 4
Row next:
++++++++++++++++++++++++++++++++++++++++++++++++++++++++++++++
i3 j4 val:1
   1   0   0   0   0
   1   1   0   0   1
   1   0   0   0   0
   0   0   0   0   1
Higesht: 5
Row before:
++++++++++++++++++++++++++++++++++++++++++++++++++++++++++++++
i1 j4 val:1
   1   0   0   0   0
   1   1   0   0   1
   1   0   0   0   0
   0   0   0   0   1
Higesht: 5
=================================================
=================================================
++++++++++++++++++++++++++++++++++++++++++++++++++++++++++++++
i3 j4 val:1
   1   0   0   0   0
   1   1   0   1   1
   1   0   1   0   1
   0   0   1   0   1
Higesht: 1
Row before:
++++++++++++++++++++++++++++++++++++++++++++++++++++++++++++++
i2 j4 val:1
   1   0   0   0   0
   1   1   0   1   1
   1   0   1   0   1
   0   0   1   0   0
Higesht: 2
Row before:
++++++++++++++++++++++++++++++++++++++++++++++++++++++++++++++
i1 j4 val:1
   1   0   0   0   0
   1   1   0   1   1
   1   0   1   0   0
   0   0   1   0   0
Higesht: 3
Col before:
++++++++++++++++++++++++++++++++++++++++++++++++++++++++++++++
i1 j3 val:1
   1   0   0   0   0
   1   1   0   1   0
   1   0   1   0   0
   0   0   1   0   0
Higesht: 4
Diagonal back :
++++++++++++++++++++++++++++++++++++++++++++++++++++++++++++++
i2 j2 val:1
   1   0   0   0   0
   1   1   0   0   0
   1   0   1   0   0
   0   0   1   0   0
Higesht: 5
Row next:
++++++++++++++++++++++++++++++++++++++++++++++++++++++++++++++
i3 j2 val:1
   1   0   0   0   0
   1   1   0   0   0
   1   0   0   0   0
   0   0   1   0   0
Higesht: 6
Diagonal next behind:
++++++++++++++++++++++++++++++++++++++++++++++++++++++++++++++
i1 j1 val:1
   1   0   0   0   0
   1   1   0   0   0
   1   0   0   0   0
   0   0   1   0   0
Higesht: 6
Col before:
++++++++++++++++++++++++++++++++++++++++++++++++++++++++++++++
i1 j0 val:1
   1   0   0   0   0
   1   0   0   0   0
   1   0   0   0   0
   0   0   1   0   0
Higesht: 7
Row next:
++++++++++++++++++++++++++++++++++++++++++++++++++++++++++++++
i2 j0 val:1
   1   0   0   0   0
   0   0   0   0   0
   1   0   0   0   0
   0   0   1   0   0
Higesht: 8
Row before:
++++++++++++++++++++++++++++++++++++++++++++++++++++++++++++++
i0 j0 val:1
   1   0   0   0   0
   0   0   0   0   0
   1   0   0   0   0
   0   0   1   0   0
Higesht: 8
Diagonal next behind:
++++++++++++++++++++++++++++++++++++++++++++++++++++++++++++++
i0 j0 val:1
   1   0   0   0   0
   1   0   0   0   0
   1   0   0   0   0
   0   0   1   0   0
Higesht: 7
Row next:
++++++++++++++++++++++++++++++++++++++++++++++++++++++++++++++
i1 j0 val:1
   0   0   0   0   0
   1   0   0   0   0
   1   0   0   0   0
   0   0   1   0   0
Higesht: 8
Row next:
++++++++++++++++++++++++++++++++++++++++++++++++++++++++++++++
i2 j0 val:1
   0   0   0   0   0
   0   0   0   0   0
   1   0   0   0   0
   0   0   1   0   0
Higesht: 9
Diagonal back :
++++++++++++++++++++++++++++++++++++++++++++++++++++++++++++++
i2 j0 val:1
   1   0   0   0   0
   1   0   0   0   0
   1   0   0   0   0
   0   0   1   0   0
Higesht: 7
Row before:
++++++++++++++++++++++++++++++++++++++++++++++++++++++++++++++
i1 j0 val:1
   1   0   0   0   0
   1   0   0   0   0
   0   0   0   0   0
   0   0   1   0   0
Higesht: 8
Row before:
++++++++++++++++++++++++++++++++++++++++++++++++++++++++++++++
i0 j0 val:1
   1   0   0   0   0
   0   0   0   0   0
   0   0   0   0   0
   0   0   1   0   0
Higesht: 9
Diagonal next behind:
++++++++++++++++++++++++++++++++++++++++++++++++++++++++++++++
i1 j3 val:1
   1   0   0   0   0
   1   1   0   1   1
   1   0   1   0   0
   0   0   1   0   0
Higesht: 3
Col next:
++++++++++++++++++++++++++++++++++++++++++++++++++++++++++++++
i1 j4 val:1
   1   0   0   0   0
   1   1   0   0   1
   1   0   1   0   0
   0   0   1   0   0
Higesht: 4
Diagonal back :
++++++++++++++++++++++++++++++++++++++++++++++++++++++++++++++
i2 j2 val:1
   1   0   0   0   0
   1   1   0   0   1
   1   0   1   0   0
   0   0   1   0   0
Higesht: 4
Row next:
++++++++++++++++++++++++++++++++++++++++++++++++++++++++++++++
i3 j2 val:1
   1   0   0   0   0
   1   1   0   0   1
   1   0   0   0   0
   0   0   1   0   0
Higesht: 5
Diagonal next behind:
++++++++++++++++++++++++++++++++++++++++++++++++++++++++++++++
i1 j1 val:1
   1   0   0   0   0
   1   1   0   0   1
   1   0   0   0   0
   0   0   1   0   0
Higesht: 5
Col before:
++++++++++++++++++++++++++++++++++++++++++++++++++++++++++++++
i1 j0 val:1
   1   0   0   0   0
   1   0   0   0   1
   1   0   0   0   0
   0   0   1   0   0
Higesht: 6
Row next:
++++++++++++++++++++++++++++++++++++++++++++++++++++++++++++++
i2 j0 val:1
   1   0   0   0   0
   0   0   0   0   1
   1   0   0   0   0
   0   0   1   0   0
Higesht: 7
Row before:
++++++++++++++++++++++++++++++++++++++++++++++++++++++++++++++
i0 j0 val:1
   1   0   0   0   0
   0   0   0   0   1
   1   0   0   0   0
   0   0   1   0   0
Higesht: 7
Diagonal next behind:
++++++++++++++++++++++++++++++++++++++++++++++++++++++++++++++
i0 j0 val:1
   1   0   0   0   0
   1   0   0   0   1
   1   0   0   0   0
   0   0   1   0   0
Higesht: 6
Row next:
++++++++++++++++++++++++++++++++++++++++++++++++++++++++++++++
i1 j0 val:1
   0   0   0   0   0
   1   0   0   0   1
   1   0   0   0   0
   0   0   1   0   0
Higesht: 7
Row next:
++++++++++++++++++++++++++++++++++++++++++++++++++++++++++++++
i2 j0 val:1
   0   0   0   0   0
   0   0   0   0   1
   1   0   0   0   0
   0   0   1   0   0
Higesht: 8
Diagonal back :
++++++++++++++++++++++++++++++++++++++++++++++++++++++++++++++
i2 j0 val:1
   1   0   0   0   0
   1   0   0   0   1
   1   0   0   0   0
   0   0   1   0   0
Higesht: 6
Row before:
++++++++++++++++++++++++++++++++++++++++++++++++++++++++++++++
i1 j0 val:1
   1   0   0   0   0
   1   0   0   0   1
   0   0   0   0   0
   0   0   1   0   0
Higesht: 7
Row before:
++++++++++++++++++++++++++++++++++++++++++++++++++++++++++++++
i0 j0 val:1
   1   0   0   0   0
   0   0   0   0   1
   0   0   0   0   0
   0   0   1   0   0
Higesht: 8
=================================================
9
